  2.0 0   2    8.57979
    1.16488  0.00000
        1.0      2.0
          0        0
    0.157E+00 -0.320E+00
  2.0 0   3    8.57979
    2.46826  1.95119  0.00000
        3.0      2.0      2.0
          0        0        0
    0.000E+00  0.300E-01  0.000E+00
  2.0 0   5    8.57979
    4.75798  3.33229  1.60110  1.16488  0.00000
        3.0      2.0      1.0      1.0      2.0
          0        0        0        0        0
    0.000E+00  0.000E+00  0.000E+00  0.000E+00 -0.320E+00
  2.0 0   3    8.57979
    3.59952  0.78843  0.00000
        3.0      3.0      2.0
          0        0        0
    0.000E+00  0.000E+00  0.110E+01
  2.0 0   3    8.57979
    5.57850  1.60110  0.00000
        2.0      1.0      2.0
          0        0        0
    0.000E+00  0.000E+00  0.000E+00
  2.0 0   2    8.57979
    2.86393  0.00000
        3.0      2.0
          0        0
    0.181E+00  0.000E+00
  2.0 0   2    8.57979
    1.95119  0.00000
        2.0      2.0
          0        0
    0.000E+00  0.000E+00
  2.0 0   3    8.57979
    5.32916  2.49230  0.00000
        3.0      2.0      2.0
          0        0        0
    0.324E+00  0.000E+00  0.000E+00
  2.0 0   2    8.57979
    1.95119  0.00000
        2.0      2.0
          0        0
    0.000E+00  0.000E+00
  2.0 0   3    8.57979
    4.03190  1.16488  0.00000
        1.0      1.0      2.0
          0        0        0
    0.000E+00  0.000E+00 -0.320E+00
